Graph {
	Id: taskA
	Processors: 3
	Nodes: ('1', '2', '3', '4', '5', '6', '7', '8', '9', '10')
	NodeCosts: {'1': (17, 12, 27), '2': (24, 19, 28), '3': (18, 19, 9), '4': (8, 25, 16), '5': (10, 44, 44), '6': (35, 16, 32), '7': (45, 11, 6), '8': (43, 5, 31), '9': (22, 16, 8), '10': (40, 14, 34)}
	Levels: [[['1']], [['2', '3', '4', '5', '6']], [['7', '8', '9']], [['10']]]
	Links: (0,0,0)|(1,0,0)|(23);(0,0,0)|(1,0,1)|(19);(0,0,0)|(1,0,2)|(30);(0,0,0)|(1,0,3)|(38);(0,0,0)|(1,0,4)|(11);(1,0,0)|(2,0,1)|(18);(1,0,0)|(2,0,2)|(42);(1,0,1)|(2,0,0)|(31);(1,0,2)|(2,0,1)|(20);(1,0,2)|(2,0,2)|(20);(1,0,3)|(2,0,2)|(38);(1,0,4)|(2,0,1)|(20);(2,0,0)|(3,0,0)|(35);(2,0,1)|(3,0,0)|(8);(2,0,2)|(3,0,0)|(21)
	LowerBound: 143
	Deadline: 160
}
